03953 Valentia Observatory Observations at 12Z 22 Jun 2017
-----------------------------------------------------------------------------
   PRES   HGHT   TEMP   DWPT   RELH   MIXR   DRCT   SKNT   THTA   THTE   THTV
    hPa     m      C      C      %    g/kg    deg   knot     K      K      K 
-----------------------------------------------------------------------------
 1014.0     30   12.8    8.6     76   6.96    290     12  284.8  304.4  286.0
 1010.0     61   15.8    1.8     39   4.33    279     11  288.1  300.8  288.9
 1006.0     92   12.6    3.6     54   4.95    267     11  285.3  299.4  286.1
 1000.0    139   11.8    5.8     67   5.81    250     10  284.9  301.4  285.9
  945.0    609    7.2    6.0     92   6.24    254     14  284.9  302.5  286.0
  925.0    785    6.0    5.6     97   6.20    255     16  285.4  303.0  286.5
  892.0   1082    4.6    3.6     93   5.58    259     18  287.0  302.9  287.9
  891.0   1091    4.8    4.0     95   5.75    259     18  287.3  303.7  288.3
  890.0   1100    5.8    4.9     94   6.14    260     18  288.4  306.0  289.5
  872.0   1268    6.6    2.3     74   5.21    262     20  290.9  306.1  291.8
  868.0   1305    4.8   -5.2     48   3.00    263     20  289.4  298.4  289.9
  856.0   1419    4.6  -15.4     22   1.36    264     21  290.4  294.6  290.6
  852.0   1457    6.4  -10.6     28   2.01    265     21  292.6  298.9  293.0
  850.0   1476    6.4  -11.6     26   1.86    265     21  292.8  298.6  293.2
  837.0   1603    7.6  -19.4     13   0.99    262     23  295.4  298.6  295.6
  825.0   1722    9.8  -15.2     16   1.43    260     24  298.9  303.6  299.2
  809.0   1884    9.4  -12.6     20   1.80    257     25  300.2  306.0  300.5
  792.0   2060    8.2   -7.8     31   2.70    253     27  300.7  309.2  301.2
  770.0   2292    7.6  -34.4      3   0.27    249     29  302.5  303.5  302.6
  756.0   2443    7.4  -11.6     25   2.09    245     31  303.9  310.7  304.3
  754.0   2465    7.3  -11.6     25   2.11    245     31  304.0  310.8  304.4
  724.0   2797    5.2  -10.8     30   2.33    248     27  305.3  312.8  305.7
  712.0   2934    4.6  -14.4     24   1.77    249     25  306.1  311.9  306.4
  700.0   3072    4.4  -24.6     10   0.75    250     23  307.3  309.9  307.5
  698.0   3095    4.6  -35.4      4   0.27    251     23  307.8  308.8  307.9
  685.0   3247    3.8  -37.8      3   0.22    255     23  308.6  309.4  308.6
  630.0   3923    0.4  -48.6      1   0.07    273     34  312.1  312.4  312.2
  624.0   3998   -0.1  -45.7      2   0.10    275     35  312.5  312.9  312.5
  551.0   4984   -6.3   -8.4     85   3.70    275     36  316.4  328.6  317.1
  514.0   5526   -8.3  -14.3     62   2.47    275     37  320.3  328.8  320.8
  500.0   5740   -9.3  -15.3     62   2.34    275     37  321.6  329.7  322.1
  498.0   5771   -9.3  -15.3     62   2.35    275     37  322.0  330.1  322.5
  410.0   7247  -19.3  -40.3     14   0.28    275     30  327.5  328.6  327.6
  400.0   7430  -21.1  -37.1     22   0.40    275     29  327.5  329.0  327.6
  393.0   7560  -22.2  -35.3     29   0.49    275     29  327.7  329.6  327.8
  381.0   7787  -24.1  -32.1     48   0.68    277     30  328.1  330.7  328.2
  300.0   9480  -38.5  -48.5     34   0.16    290     35  331.0  331.6  331.0
  292.0   9665  -40.1  -51.1     30   0.12    293     36  331.3  331.8  331.3
  250.0  10700  -49.5  -58.5     34   0.06    310     43  332.3  332.6  332.4
  220.0  11525  -57.1  -64.1     41   0.03    320     52  333.0  333.1  333.0
  200.0  12130  -56.7  -67.7     24   0.02    300     37  342.8  342.9  342.8
  175.0  12971  -59.1  -76.1      9   0.01    292     31  352.2  352.2  352.2
  169.0  13192  -57.0  -78.2      5   0.01    290     29  359.3  359.3  359.3
  164.0  13381  -55.1  -80.1      3   0.00    287     30  365.5  365.5  365.5
  150.0  13950  -55.7  -86.7      1   0.00    280     33  373.9  373.9  373.9
  140.0  14386  -58.1  -88.1      1   0.00    275     31  377.1  377.1  377.1
  120.0  15363  -53.9  -84.9      1   0.00    263     28  401.8  401.8  401.8
  100.0  16530  -54.1  -85.1      1   0.00    250     23  422.9  422.9  422.9
   92.0  17060  -55.2  -85.8      1   0.00    255     27  431.0  431.0  431.0
   85.0  17562  -56.2  -86.5      1   0.00    255     10  438.8  438.8  438.8
   79.1  18019  -57.1  -87.1      1   0.00    281     12  446.0  446.0  446.0
   76.0  18271  -57.0  -87.0      1   0.00    295     14  451.3  451.3  451.3
   70.0  18790  -56.9  -86.9      1   0.00    250      6  462.3  462.3  462.3
   58.0  19992  -55.6  -86.1      1   0.00    125     10  490.9  490.9  490.9
   51.0  20813  -54.6  -85.6      1   0.01    265      8  511.4  511.4  511.4
   50.0  20940  -54.5  -85.5      1   0.01    325      4  514.6  514.6  514.6
   48.7  21109  -53.9  -84.9      1   0.01    336      3  519.9  520.0  519.9
   46.0  21473  -54.3  -85.3      1   0.01      0      0  527.4  527.4  527.4
   45.0  21614  -54.5  -85.5      1   0.01     60      8  530.3  530.4  530.3
   39.6  22430  -55.5  -86.5      1   0.01    103     12  547.5  547.6  547.5
   36.0  23044  -53.6  -85.0      1   0.01    135     16  567.6  567.7  567.6
   31.2  23965  -50.7  -82.7      1   0.01      6      1  599.1  599.2  599.1
   31.0  24007  -50.7  -82.7      1   0.01      0      0  600.2  600.3  600.2
   30.0  24220  -50.7  -82.7      1   0.01     95      4  605.8  606.0  605.8
   27.0  24909  -50.3  -82.5      1   0.02     55     14  625.5  625.6  625.5
   26.0  25155  -50.1  -82.5      1   0.02    120     16  632.7  632.9  632.7
   21.0  26551  -49.3  -82.2      1   0.02     75     21  675.0  675.3  675.1
   20.0  26870  -49.1  -82.1      1   0.02     95     19  685.1  685.4  685.1
   19.8  26936  -49.3  -82.3      1   0.02     95     19  686.5  686.7  686.5
   17.0  27952  -42.5  -77.3      1   0.06    100      8  738.8  739.5  738.9
   16.7  28071  -41.7  -76.7      1   0.07    103      8  745.2  745.9  745.2
   14.0  29267  -41.4  -76.9      1   0.08    130     16  784.7  785.6  784.7
   11.7  30485  -41.1  -77.1      1   0.09     97     21  827.0  828.1  827.1
   11.0  30907  -39.6  -76.0      1   0.11     85     23  847.2  848.6  847.2
   10.0  31560  -37.3  -74.3      1   0.16     95     17  879.1  881.2  879.2
    9.0  32291  -35.3  -72.3      1   0.24                913.7  916.9  913.8
Station information and sounding indices
                             Station number: 3953
                           Observation time: 170622/1200
                           Station latitude: 51.93
                          Station longitude: -10.25
                          Station elevation: 30.0
                            Showalter index: 20.63
                               Lifted index: 18.59
    LIFT computed using virtual temperature: 18.85
                                SWEAT index: 79.64
                                    K index: -24.90
                         Cross totals index: -2.30
                      Vertical totals index: 15.70
                        Totals totals index: 13.40
      Convective Available Potential Energy: 0.00
             CAPE using virtual temperature: 0.00
                      Convective Inhibition: 0.00
             CINS using virtual temperature: 0.00
                     Bulk Richardson Number: 0.00
          Bulk Richardson Number using CAPV: 0.00
  Temp [K] of the Lifted Condensation Level: 277.52
Pres [hPa] of the Lifted Condensation Level: 909.31
     Mean mixed layer potential temperature: 285.18
              Mean mixed layer mixing ratio: 5.82
              1000 hPa to 500 hPa thickness: 5601.00
Precipitable water [mm] for entire sounding: 16.55


