03953 Valentia Observatory Observations at 12Z 22 Dec 2017
-----------------------------------------------------------------------------
   PRES   HGHT   TEMP   DWPT   RELH   MIXR   DRCT   SKNT   THTA   THTE   THTV
    hPa     m      C      C      %    g/kg    deg   knot     K      K      K 
-----------------------------------------------------------------------------
 1037.0     30    9.8    9.6     99   7.28    310      4  280.0  300.0  281.3
 1032.0     69   15.2    3.2     45   4.69    312      4  285.8  299.2  286.6
 1026.0    116    9.6    6.5     81   5.95    314      5  280.7  297.2  281.7
 1000.0    319    8.2    7.6     96   6.59    325      8  281.4  299.6  282.5
  952.0    724    6.6    5.4     92   5.94    319     13  283.7  300.4  284.7
  941.0    820    7.8    6.3     90   6.40    317     14  285.9  304.0  287.0
  925.0    961    7.6    1.6     66   4.67    315     16  287.1  300.6  287.9
  914.0   1060    7.6   -1.4     53   3.79    319     16  288.1  299.2  288.7
  890.0   1280    9.8    3.8     66   5.68    326     18  292.5  309.2  293.5
  850.0   1662    7.8    1.8     66   5.15    340     21  294.3  309.6  295.2
  839.0   1769    6.8    0.8     66   4.87    330     25  294.4  308.9  295.2
  832.0   1838    6.2    0.2     65   4.69    329     25  294.4  308.4  295.3
  811.0   2047    5.6   -4.4     49   3.42    325     25  295.9  306.4  296.6
  796.0   2200    6.4  -17.6     16   1.21    323     24  298.4  302.4  298.6
  782.0   2345    6.4  -23.6     10   0.73    320     24  299.9  302.4  300.0
  700.0   3242    1.2  -42.8      2   0.13    305     21  303.8  304.3  303.8
  686.0   3401    0.1  -43.3      2   0.12    295     23  304.3  304.8  304.4
  585.0   4652   -8.5  -47.5      3   0.09    335     19  308.4  308.8  308.5
  566.0   4911  -10.3  -48.3      3   0.09    339     18  309.3  309.6  309.3
  500.0   5850  -18.1  -41.1     11   0.21    355     12  310.9  311.7  310.9
  412.0   7260  -29.7  -53.7      8   0.06    324     20  313.6  313.9  313.7
  402.0   7435  -31.2  -53.5      9   0.07    320     21  313.9  314.2  313.9
  400.0   7470  -31.5  -53.5     10   0.07    325     19  314.0  314.2  314.0
  352.0   8362  -39.4  -48.5     37   0.13      0     10  315.0  315.5  315.0
  348.0   8442  -40.1  -48.1     42   0.14      0     10  315.1  315.6  315.1
  335.0   8701  -42.1  -55.1     23   0.06    355     11  315.8  316.1  315.8
  300.0   9440  -48.7  -62.7     18   0.03    340     16  316.6  316.7  316.6
  250.0  10610  -58.7  -67.7     30   0.02    345     16  318.7  318.8  318.7
  223.0  11307  -64.1  -73.1     28   0.01      0     14  320.9  320.9  320.9
  200.0  11970  -69.3  -78.3     26   0.00    355     27  322.9  322.9  322.9
  198.0  12029  -69.7  -78.7     26   0.00      0     27  323.1  323.1  323.1
  195.0  12120  -70.4  -79.4     26   0.00     10     27  323.5  323.5  323.5
  186.0  12399  -72.4  -81.4     25   0.00     25     23  324.6  324.6  324.6
  184.0  12463  -72.9  -81.9     25   0.00     25     19  324.8  324.8  324.8
  181.0  12561  -70.4  -79.4     26   0.00      0     16  330.3  330.4  330.3
  177.0  12694  -67.1  -76.1     27   0.01    330     16  337.9  338.0  337.9
  175.0  12763  -67.0  -76.3     26   0.01    315     16  339.1  339.2  339.1
  168.0  13009  -66.9  -77.0     23   0.01    290     29  343.4  343.4  343.4
  162.0  13229  -66.7  -77.7     20   0.01    316     36  347.3  347.3  347.3
  159.0  13343  -65.5  -78.2     16   0.01    330     39  351.2  351.2  351.2
  150.0  13700  -61.7  -79.7      7   0.00    355     19  363.6  363.6  363.6
  149.0  13742  -60.9  -79.9      6   0.00    350     17  365.7  365.7  365.7
  148.0  13783  -61.0  -80.1      6   0.00    345     16  366.2  366.2  366.2
  140.0  14124  -61.8  -82.1      5   0.00    310     25  370.6  370.7  370.6
  128.0  14674  -63.1  -85.2      4   0.00    340     43  377.9  377.9  377.9
  123.0  14919  -63.7  -86.5      3   0.00      0     31  381.2  381.2  381.2
  110.0  15605  -65.3  -90.4      2   0.00     10     21  390.5  390.5  390.5
  106.0  15832  -65.8  -91.7      2   0.00      0     12  393.6  393.6  393.6
  100.0  16190  -66.7  -93.7      1   0.00    310     12  398.6  398.6  398.6
   86.0  17091  -69.1  -95.7      1   0.00    290     23  411.3  411.3  411.3
   81.0  17449  -70.1  -96.5      1   0.00    310     29  416.4  416.4  416.4
   75.0  17908  -71.3  -97.5      1   0.00    340     17  423.1  423.1  423.1
   70.5  18278  -72.3  -98.3      1   0.00    322     23  428.5  428.5  428.5
   70.0  18320  -71.7  -97.7      1   0.00    320     23  430.7  430.7  430.7
   56.6  19578  -70.1  -96.1      1   0.00    303     23  461.3  461.3  461.3
   51.0  20193  -72.1  -98.1      1   0.00    295     23  470.5  470.5  470.5
   50.0  20310  -72.5  -98.5      1   0.00    295     27  472.2  472.2  472.2
   46.0  20798  -72.9  -98.6      1   0.00    315     41  482.6  482.6  482.6
   38.3  21870  -73.9  -98.9      1   0.00    315     28  506.1  506.1  506.1
   36.0  22233  -73.0  -98.4      1   0.00    315     23  517.3  517.3  517.3
   33.0  22743  -71.8  -97.8      1   0.00    330     29  533.5  533.6  533.5
   32.7  22796  -71.7  -97.7      1   0.00    327     30  535.3  535.3  535.3
   30.0  23300  -75.1 -100.1      1   0.00    295     33  539.4  539.4  539.4
   29.3  23437  -75.9 -100.9      1   0.00    290     33  540.8  540.8  540.8
   29.0  23497  -75.8 -100.8      1   0.00    290     33  542.8  542.8  542.8
   25.0  24365  -73.9  -99.6      1   0.00    330     37  571.5  571.5  571.5
   22.6  24955  -72.7  -98.7      1   0.00    318     30  591.9  591.9  591.9
   21.0  25385  -74.4  -99.8      1   0.00    310     25  599.4  599.4  599.4
   20.0  25670  -75.5 -100.5      1   0.00    320     27  604.4  604.4  604.4
   19.9  25699  -75.7 -100.7      1   0.00    319     28  604.6  604.6  604.6
   18.1  26250  -72.7  -98.7      1   0.00    306     47  630.7  630.7  630.7
   18.0  26283  -72.7  -98.7      1   0.00    305     49  631.6  631.6  631.6
   15.0  27346  -73.5  -99.1      1   0.00    320     33  662.8  662.8  662.8
   13.0  28181  -74.1  -99.4      1   0.00    325     37  688.3  688.3  688.3
   12.0  28647  -74.5  -99.6      1   0.00    300     43  703.0  703.0  703.0
   11.4  28947  -74.7  -99.7      1   0.00    306     43  712.6  712.6  712.6
   10.0  29710  -73.1  -99.1      1   0.00    320     43  745.7  745.7  745.7
    9.9  29769  -73.1  -99.1      1   0.00    321     43  747.9  747.9  747.9
    9.6  29951  -69.1  -96.1      1   0.00    326     43  769.5  769.6  769.5
    9.0  30336  -69.2  -96.2      1   0.00    335     43  783.5  783.6  783.5
    7.0  31836  -69.5  -96.5      1   0.00                840.6  840.6  840.6
Station information and sounding indices
                             Station number: 3953
                           Observation time: 171222/1200
                           Station latitude: 51.93
                          Station longitude: -10.25
                          Station elevation: 30.0
                            Showalter index: 4.52
                               Lifted index: 11.60
    LIFT computed using virtual temperature: 11.53
                                SWEAT index: 75.99
                                    K index: -16.30
                         Cross totals index: 19.90
                      Vertical totals index: 25.90
                        Totals totals index: 45.80
      Convective Available Potential Energy: 0.00
             CAPE using virtual temperature: 0.00
                      Convective Inhibition: 0.00
             CINS using virtual temperature: 0.00
                     Bulk Richardson Number: 0.00
          Bulk Richardson Number using CAPV: 0.00
  Temp [K] of the Lifted Condensation Level: 279.42
Pres [hPa] of the Lifted Condensation Level: 971.27
     Mean mixed layer potential temperature: 281.77
              Mean mixed layer mixing ratio: 6.21
              1000 hPa to 500 hPa thickness: 5531.00
Precipitable water [mm] for entire sounding: 13.90

