1 0.5 0.5 0.5 0.5 0.5 0.5 0.5
2 0.125 0.25 0.375 0.5 0.625 0.75 0.875
3 0.0546875 0.1875 0.3515625 0.5 0.5859375 0.5625 0.3828125
4 0.025848388671875 0.15234375 0.341949462890625 0.5 0.606536865234375 0.73828125 0.826934814453125
5 0.01259012473747134 0.1291351318359375 0.3375300415791571 0.5 0.5966247408650815 0.5796661376953125 0.5008976948447526
6 0.006215806748283127 0.1124592495616525 0.3354052689160944 0.5 0.6016591486318896 0.7309599195141345 0.87499717950388
7 0.003088585247375562 0.09981216674968249 0.3343628617491252 0.5 0.5991635437485985 0.5899725467340735 0.3828199037744718
8 0.001539522944272628 0.08984969811841606 0.3338465076480908 0.5 0.6004164789780495 0.7257148225025549 0.826940887670016
9 7.685764066883432E-004 0.08177672986644556 0.3335895254688961 0.5 0.5997913268741274 0.5971584567079203 0.500883795893397
10 3.839928484977126E-004 0.07508929631879595 0.3334613309494993 0.5 0.6001042277017526 0.7216807028704055 0.8749972661668659
11 1.919226989950076E-004 0.06945089389714401 0.3333973075663317 0.5 0.5999478589905891 0.6025729979246489 0.3828196762858185
12 9.594293233630903E-005 0.06462746723403166 0.3333653143107788 0.5 0.6000260637079933 0.7184363402902499 0.8269407010698389
13 4.796686364502187E-005 0.06045075771294583 0.3333493222878817 0.5 0.5999869664477112 0.6068566957218064 0.5008842229438679
14 2.398228141250696E-005 0.05679646360487655 0.3333413274271376 0.5 0.6000065163514606 0.7157449397382518 0.8749972635242493
15 1.199085313134261E-005 0.05357062532685648 0.3333373302843772 0.5 0.5999967417181126 0.6103623629320143 0.3828196832226365
16 5.995354675391894E-006 0.05070081342894604 0.3333353317848918 0.5 0.6000016291144027 0.713460446544187 0.8269407067598487
17 2.997659365557105E-006 0.04813024094658925 0.3333343325531219 0.5 0.5999991854361636 0.6133039132834688 0.5008842099217973
18 1.498825189797717E-006 0.04581372085301251 0.3333338329417299 0.5 0.6000004072802594 0.7114866697039566 0.8749972636048496
19 7.494114716603835E-007 0.04371482383461476 0.3333335831371572 0.5 0.5999997963594557 0.6158201656125887 0.3828196830110622
20 3.747054550214148E-007 0.04180383801172335 0.3333334582351517 0.5 0.6000001018201685 0.7097570677124176 0.8269407065863023
21 1.873526573086184E-007 0.04005627713921295 0.3333333957842191 0.5 0.5999999490898899 0.6180059176340648 0.500884210318973