0.6551724137931031 0.6551724137931038 0.3828196830173242 0.8269407065914387 0.3608973752594102 0.8303416552450031 
0.6551724137931038 0.6551724137931031 0.8269407065914387 0.5008842103072179 0.8303416552450031 0.5071478069159694 
0.6551724137931031 0.6551724137931038 0.5008842103072179 0.8749972636024641 0.5071478069159694 0.8998160718826513 
0.6551724137931038 0.6551724137931031 0.8749972636024641 0.3828196830173242 0.8998160718826513 0.3245295911915757 
0.6551724137931031 0.6551724137931038 0.3828196830173242 0.8269407065914387 0.3245295911915757 0.789156488277376 
0.6551724137931038 0.6551724137931031 0.8269407065914387 0.5008842103072179 0.789156488277376 0.5989986910335446 
0.6551724137931031 0.6551724137931038 0.5008842103072179 0.8749972636024641 0.5989986910335446 0.8647173330251212 
0.6551724137931038 0.6551724137931031 0.8749972636024641 0.3828196830173242 0.8647173330251212 0.4211325611677542 
0.6551724137931031 0.6551724137931038 0.3828196830173242 0.8269407065914387 0.4211325611677542 0.8776077375313511 
0.6551724137931038 0.6551724137931031 0.8269407065914387 0.5008842103072179 0.8776077375313511 0.3866846276032353 
0.6551724137931031 0.6551724137931038 0.5008842103072179 0.8749972636024641 0.3866846276032353 0.8537746549628971 
0.6551724137931038 0.6551724137931031 0.8749972636024641 0.3828196830173242 0.8537746549628971 0.4494365766211793 
0.6551724137931031 0.6551724137931038 0.3828196830173242 0.8269407065914387 0.4494365766211793 0.8907960247783708 
0.6551724137931038 0.6551724137931031 0.8269407065914387 0.5008842103072179 0.8907960247783708 0.3502024812627227 
0.6551724137931031 0.6551724137931038 0.5008842103072179 0.8749972636024641 0.3502024812627227 0.8192185321685582 
0.6551724137931038 0.6551724137931031 0.8749972636024641 0.3828196830173242 0.8192185321685582 0.5331583033925441 
0.6551724137931031 0.6551724137931038 0.3828196830173242 0.8269407065914387 0.5331583033925441 0.8960418968980608 
0.6551724137931038 0.6551724137931031 0.8269407065914387 0.5008842103072179 0.8960418968980608 0.3353429372449888 
0.6551724137931031 0.6551724137931038 0.5008842103072179 0.8749972636024641 0.3353429372449888 0.8023969860656124 
0.6551724137931038 0.6551724137931031 0.8749972636024641 0.3828196830173242 0.8023969860656124 0.5708018261463618 
0.6551724137931031 0.6551724137931038 0.3828196830173242 0.8269407065914387 0.5708018261463618 0.8819535650916253 
0.6551724137931038 0.6551724137931031 0.8269407065914387 0.5008842103072179 0.8819535650916253 0.3748013068096713 
0.6551724137931031 0.6551724137931038 0.5008842103072179 0.8749972636024641 0.3748013068096713 0.8435710340043622 
0.6551724137931038 0.6551724137931031 0.8749972636024641 0.3828196830173242 0.8435710340043622 0.4750522005354243 
0.6551724137931031 0.6551724137931038 0.3828196830173242 0.8269407065914387 0.4750522005354243 0.8977593862867512 
0.6551724137931038 0.6551724137931031 0.8269407065914387 0.5008842103072179 0.8977593862867512 0.3304348942348333 
0.6551724137931031 0.6551724137931038 0.5008842103072179 0.8749972636024641 0.3304348942348333 0.7964916296646521 
0.6551724137931038 0.6551724137931031 0.8749972636024641 0.3828196830173242 0.7964916296646521 0.5835337687396756 
0.6551724137931031 0.6551724137931038 0.3828196830173242 0.8269407065914387 0.5835337687396756 0.874879594128527 
0.6551724137931038 0.6551724137931031 0.8269407065914387 0.5008842103072179 0.874879594128527 0.3940750436617111 
0.6551724137931031 0.6551724137931038 0.5008842103072179 0.8749972636024641 0.3940750436617111 0.8596076530490337 
0.6551724137931038 0.6551724137931031 0.8749972636024641 0.3828196830173242 0.8596076530490337 0.4344564091268368 
0.6551724137931031 0.6551724137931038 0.3828196830173242 0.8269407065914387 0.4344564091268368 0.884534535703625 
0.6551724137931038 0.6551724137931031 0.8269407065914387 0.5008842103072179 0.884534535703625 0.3676794870643113 
0.6551724137931031 0.6551724137931038 0.5008842103072179 0.8749972636024641 0.3676794870643113 0.8369686146831705 
0.6551724137931038 0.6551724137931031 0.8749972636024641 0.3828196830173242 0.8369686146831705 0.4912277497866179 
0.6551724137931031 0.6551724137931038 0.3828196830173242 0.8269407065914387 0.4912277497866179 0.8997229714542977 
0.6551724137931038 0.6551724137931031 0.8269407065914387 0.5008842103072179 0.8997229714542977 0.3247975659302882 
0.6551724137931031 0.6551724137931038 0.5008842103072179 0.8749972636024641 0.3247975659302882 0.7894947855457738 
0.6551724137931038 0.6551724137931031 0.8749972636024641 0.3828196830173242 0.7894947855457738 0.5982939689105032 
0.6551724137931031 0.6551724137931038 0.3828196830173242 0.8269407065914387 0.5982939689105032 0.8652178644329558 
0.6551724137931038 0.6551724137931031 0.8269407065914387 0.5008842103072179 0.8652178644329558 0.4198172813965121 
0.6551724137931031 0.6551724137931038 0.5008842103072179 0.8749972636024641 0.4198172813965121 0.876854633894474 
0.6551724137931038 0.6551724137931031 0.8749972636024641 0.3828196830173242 0.876854633894474 0.388730105684143 
0.6551724137931031 0.6551724137931038 0.3828196830173242 0.8269407065914387 0.388730105684143 0.8554284382281767 
0.6551724137931038 0.6551724137931031 0.8269407065914387 0.5008842103072179 0.8554284382281767 0.445214251075245 
0.6551724137931031 0.6551724137931038 0.5008842103072179 0.8749972636024641 0.445214251075245 0.8891946781731134 
0.6551724137931038 0.6551724137931031 0.8749972636024641 0.3828196830173242 0.8891946781731134 0.3546990089342162 
0.6551724137931031 0.6551724137931038 0.3828196830173242 0.8269407065914387 0.3546990089342162 0.8239954391830837 
0.6551724137931038 0.6551724137931031 0.8269407065914387 0.5008842103072179 0.8239954391830837 0.5220970393988186 
0.6551724137931031 0.6551724137931038 0.5008842103072179 0.8749972636024641 0.5220970393988186 0.8982421950593055 
0.6551724137931038 0.6551724137931031 0.8749972636024641 0.3828196830173242 0.8982421950593055 0.329051354667646 
0.6551724137931031 0.6551724137931038 0.3828196830173242 0.8269407065914387 0.329051354667646 0.794795618372519 
0.6551724137931038 0.6551724137931031 0.8269407065914387 0.5008842103072179 0.794795618372519 0.5871439561981109 
0.6551724137931031 0.6551724137931038 0.5008842103072179 0.8749972636024641 0.5871439561981109 0.8726613512333102 
0.6551724137931038 0.6551724137931031 0.8749972636024641 0.3828196830173242 0.8726613512333102 0.4000446622690682 
0.6551724137931031 0.6551724137931038 0.3828196830173242 0.8269407065914387 0.4000446622690682 0.8640321496527434 
0.6551724137931038 0.6551724137931031 0.8269407065914387 0.5008842103072179 0.8640321496527434 0.4229301384691294 
0.6551724137931031 0.6551724137931038 0.5008842103072179 0.8749972636024641 0.4229301384691294 0.8786168511970048 
0.6551724137931038 0.6551724137931031 0.8749972636024641 0.3828196830173242 0.8786168511970048 0.3839374079627944 
0.6551724137931031 0.6551724137931038 0.3828196830173242 0.8269407065914387 0.3839374079627944 0.8515061090265785 
0.6551724137931038 0.6551724137931031 0.8269407065914387 0.5008842103072179 0.8515061090265785 0.4551964391411823 
0.6551724137931031 0.6551724137931038 0.5008842103072179 0.8749972636024641 0.4551964391411823 0.8927735073637328 
0.6551724137931038 0.6551724137931031 0.8749972636024641 0.3828196830173242 0.8927735073637328 0.3446242988874901 
0.6551724137931031 0.6551724137931038 0.3828196830173242 0.8269407065914387 0.3446242988874901 0.8130902094136657 
0.6551724137931038 0.6551724137931031 0.8269407065914387 0.5008842103072179 0.8130902094136657 0.547108274769505 
0.6551724137931031 0.6551724137931038 0.5008842103072179 0.8749972636024641 0.547108274769505 0.8920109176136669 
0.6551724137931038 0.6551724137931031 0.8749972636024641 0.3828196830173242 0.8920109176136669 0.3467787856980871 
0.6551724137931031 0.6551724137931038 0.3828196830173242 0.8269407065914387 0.3467787856980871 0.8154837341562502 
0.6551724137931038 0.6551724137931031 0.8269407065914387 0.5008842103072179 0.8154837341562502 0.5416920485381824 
0.6551724137931031 0.6551724137931038 0.5008842103072179 0.8749972636024641 0.5416920485381824 0.8937423831192834 
0.6551724137931038 0.6551724137931031 0.8749972636024641 0.3828196830173242 0.8937423831192834 0.3418809686479707 
0.6551724137931031 0.6551724137931038 0.3828196830173242 0.8269407065914387 0.3418809686479707 0.8099941389274655 
0.6551724137931038 0.6551724137931031 0.8269407065914387 0.5008842103072179 0.8099941389274655 0.5540530817902292 
0.6551724137931031 0.6551724137931038 0.5008842103072179 0.8749972636024641 0.5540530817902292 0.8894817516563237 
0.6551724137931038 0.6551724137931031 0.8749972636024641 0.3828196830173242 0.8894817516563237 0.3538942744561984 
0.6551724137931031 0.6551724137931038 0.3828196830173242 0.8269407065914387 0.3538942744561984 0.8231512210679496 
0.6551724137931038 0.6551724137931031 0.8269407065914387 0.5008842103072179 0.8231512210679496 0.5240638379602555 
0.6551724137931031 0.6551724137931038 0.5008842103072179 0.8749972636024641 0.5240638379602555 0.8979153541294412 
0.6551724137931038 0.6551724137931031 0.8749972636024641 0.3828196830173242 0.8979153541294412 0.3299881354129489 
0.6551724137931031 0.6551724137931038 0.3828196830173242 0.8269407065914387 0.3299881354129489 0.7959454772386833 
0.6551724137931038 0.6551724137931031 0.8269407065914387 0.5008842103072179 0.7959454772386833 0.5846985882070849 
0.6551724137931031 0.6551724137931038 0.5008842103072179 0.8749972636024641 0.5846985882070849 0.8741741369606161 
0.6551724137931038 0.6551724137931031 0.8749972636024641 0.3828196830173242 0.8741741369606161 0.3959773748272012 
0.6551724137931031 0.6551724137931038 0.3828196830173242 0.8269407065914387 0.3959773748272012 0.8610454564277739 
0.6551724137931038 0.6551724137931031 0.8269407065914387 0.5008842103072179 0.8610454564277739 0.4307262422142976 
0.6551724137931031 0.6551724137931038 0.5008842103072179 0.8749972636024641 0.4307262422142976 0.8827241273360921 
0.6551724137931038 0.6551724137931031 0.8749972636024641 0.3828196830173242 0.8827241273360921 0.3726800724773764 
0.6551724137931031 0.6551724137931038 0.3828196830173242 0.8269407065914387 0.3726800724773764 0.841642689800282 
0.6551724137931038 0.6551724137931031 0.8269407065914387 0.5008842103072179 0.841642689800282 0.4798089810217018 
0.6551724137931031 0.6551724137931038 0.5008842103072179 0.8749972636024641 0.4798089810217018 0.8985323619094248 
0.6551724137931038 0.6551724137931031 0.8749972636024641 0.3828196830173242 0.8985323619094248 0.328219043439223 
0.6551724137931031 0.6551724137931038 0.3828196830173242 0.8269407065914387 0.328219043439223 0.793768690667032 
0.6551724137931038 0.6551724137931031 0.8269407065914387 0.5008842103072179 0.793768690667032 0.5893198429815996 
0.6551724137931031 0.6551724137931038 0.5008842103072179 0.8749972636024641 0.5893198429815996 0.8712790763390726 
0.6551724137931038 0.6551724137931031 0.8749972636024641 0.3828196830173242 0.8712790763390726 0.4037466509020983 
0.6551724137931031 0.6551724137931038 0.3828196830173242 0.8269407065914387 0.4037466509020983 0.8666470540347749 
0.6551724137931038 0.6551724137931031 0.8269407065914387 0.5008842103072179 0.8666470540347749 0.416051775963435 
0.6551724137931031 0.6551724137931038 0.5008842103072179 0.8749972636024641 0.416051775963435 0.8746297044519842 
0.6551724137931038 0.6551724137931031 0.8749972636024641 0.3828196830173242 0.8746297044519842 0.3947493043519884 
