0.7392317855004992 0.7132421653830997 0.46794636430427 0.9460957448670044 0.4363970542148296 0.9592231946210498 0.0 0.0 
0.7132421653830997 0.756752781940089 0.9460957448670044 0.1937946283638995 0.9592231946210498 0.152544824335946 0.0 0.0 
0.756752781940089 0.681088633174293 0.1937946283638995 0.5937054274485507 0.152544824335946 0.5041721135266195 0.0 0.0 
0.681088633174293 0.8036655556597454 0.5937054274485507 0.9166333128934007 0.5041721135266195 0.9749321145280119 0.0 0.0 
0.8036655556597454 0.5838127521316749 0.9166333128934007 0.2903833938323848 0.9749321145280119 0.09531399770081052 0.0 0.0 
0.5838127521316749 0.8990090635464234 0.2903833938323848 0.7830313379913295 0.09531399770081052 0.3362940342180916 0.0 0.0 
0.8990090635464234 0.3359295386688831 0.7830313379913295 0.6455943945163836 0.3362940342180916 0.8704813913929093 0.0 0.0 
0.3359295386688831 0.8253992697587996 0.6455943945163836 0.869448634684549 0.8704813913929093 0.4396998006631385 0.0 0.0 
0.8253992697587996 0.5332266663896279 0.869448634684549 0.431329284052946 0.4396998006631385 0.9608191552437456 0.0 0.0 
0.5332266663896279 0.9209151579703397 0.431329284052946 0.9320804645310123 0.9608191552437456 0.1468182540257186 0.0 0.0 
0.9209151579703397 0.2694725902259746 0.9320804645310123 0.2405645942485254 0.1468182540257186 0.4885243518111769 0.0 0.0 
0.2694725902259746 0.7283713193686507 0.2405645942485254 0.6942344269217574 0.4885243518111769 0.9744864070447208 0.0 0.0 
0.7283713193686507 0.7320321998123404 0.6942344269217574 0.8066373521138306 0.9744864070447208 0.09696433316618702 0.0 0.0 
0.7320321998123404 0.7257959155259108 0.8066373521138306 0.592699430296751 0.09696433316618702 0.3414927799133124 0.0 0.0 
0.7257959155259108 0.7363599567677183 0.592699430296751 0.9173458993660996 0.3414927799133124 0.8770142986035224 0.0 0.0 
0.7363599567677183 0.7182956920960207 0.9173458993660996 0.2881251210727457 0.8770142986035224 0.4206548527291267 0.0 0.0 
0.7182956920960207 0.7486838660055816 0.2881251210727457 0.779414335582333 0.4206548527291267 0.9504469556577974 0.0 0.0 
0.7486838660055816 0.6961784387175164 0.779414335582333 0.6533249904701169 0.9504469556577974 0.1836804065406271 0.0 0.0 
0.6961784387175164 0.7826018746747234 0.6533249904701169 0.8606674997298865 0.1836804065406271 0.5847734676954186 0.0 0.0 
0.7826018746747234 0.6295038675922281 0.8606674997298865 0.4556920276266507 0.5847734676954186 0.9469724907820859 0.0 0.0 
0.6295038675922281 0.8629463686310224 0.4556920276266507 0.9425398536198174 0.9469724907820859 0.1958408106878267 0.0 0.0 
0.8629463686310224 0.4375987539409499 0.9425398536198174 0.2058022162409722 0.1958408106878267 0.61420003147215 0.0 0.0 
0.4375987539409499 0.9105925126140283 0.2058022162409722 0.62110112331885 0.61420003147215 0.9241375759658639 0.0 0.0 
0.9105925126140283 0.3012310177656063 0.62110112331885 0.8942711681374682 0.9241375759658639 0.2734185349498241 0.0 0.0 
0.3012310177656063 0.7788162992955622 0.8942711681374682 0.3592909347069618 0.2734185349498241 0.774777274813292 0.0 0.0 
0.7788162992955622 0.6373674436143718 0.3592909347069618 0.8747636439885662 0.774777274813292 0.6805400520601044 0.0 0.0 
0.6373674436143718 0.855181686108954 0.8747636439885662 0.4162984023487625 0.6805400520601044 0.8478806294483258 0.0 0.0 
0.855181686108954 0.4582300884553619 0.4162984023487625 0.9233773616923953 0.8478806294483258 0.503018363853083 0.0 0.0 
0.4582300884553619 0.9185445156113466 0.9233773616923953 0.2688561165042695 0.503018363853083 0.9749644689706366 0.0 0.0 
0.9185445156113466 0.2768358072711539 0.2688561165042695 0.7469755194655462 0.9749644689706366 0.0951941375402206 0.0 0.0 
0.2768358072711539 0.7407316494096251 0.7469755194655462 0.7182117525819497 0.0951941375402206 0.3359156335009573 0.0 0.0 
0.7407316494096251 0.710578609998329 0.7182117525819497 0.7690577979334331 0.3359156335009573 0.8699976506153705 0.0 0.0 
0.710578609998329 0.7609296013413351 0.7690577979334331 0.6749100252106051 0.8699976506153705 0.4410967803025143 0.0 0.0 
0.7609296013413351 0.6730882496322521 0.6749100252106051 0.8337446357071369 0.4410967803025143 0.9614686017661518 0.0 0.0 
0.6730882496322521 0.8141496940051999 0.8337446357071369 0.5267351689194999 0.9614686017661518 0.144482245377572 0.0 0.0 
0.8141496940051999 0.5598468880988253 0.5267351689194999 0.947283876822814 0.144482245377572 0.4820677919780855 0.0 0.0 
0.5598468880988253 0.9117478949440807 0.947283876822814 0.1897611074305442 0.4820677919780855 0.9737459000702892 0.0 0.0 
0.9117478949440807 0.2977155827337377 0.1897611074305442 0.5842569522416552 0.9737459000702892 0.09970280644970722 0.0 0.0 
0.2977155827337377 0.7735997537656201 0.5842569522416552 0.9230229107960003 0.09970280644970722 0.3500724116594618 0.0 0.0 
0.7735997537656201 0.6480297465357506 0.9230229107960003 0.2699961443783809 0.3500724116594618 0.8873347011921214 0.0 0.0 
0.6480297465357506 0.8439226183200773 0.2699961443783809 0.7489732603169195 0.8873347011921214 0.389890134084399 0.0 0.0 
0.8439226183200773 0.487353760649091 0.7489732603169195 0.7144467994592211 0.389890134084399 0.9277156879693886 0.0 0.0 
0.487353760649091 0.9244082687320343 0.7144467994592211 0.7752477667664471 0.9277156879693886 0.261531232033003 0.0 0.0 
0.9244082687320343 0.2585471992979462 0.7752477667664471 0.6621069341823174 0.261531232033003 0.75321732214678 0.0 0.0 
0.2585471992979462 0.709292016622597 0.6621069341823174 0.8501410991820373 0.75321732214678 0.7249358522827739 0.0 0.0 
0.709292016622597 0.7629283515787724 0.8501410991820373 0.48412460052166 0.7249358522827739 0.7776750631955062 0.0 0.0 
0.7629283515787724 0.6692141231634571 0.48412460052166 0.9490422924273318 0.7776750631955062 0.6742965811895494 0.0 0.0 
0.6692141231634571 0.8190563479314827 0.9490422924273318 0.183771874524105 0.6742965811895494 0.8565207369639758 0.0 0.0 
0.8190563479314827 0.5483512733251111 0.183771874524105 0.5699991361004062 0.8565207369639758 0.479282560047188 0.0 0.0 
0.5483512733251111 0.9163499711610095 0.5699991361004062 0.9313804595917478 0.479282560047188 0.9733260719590264 0.0 0.0 
0.9163499711610095 0.2836149956026384 0.9313804595917478 0.2428614165131674 0.9733260719590264 0.1012534754549703 0.0 0.0 
0.2836149956026384 0.751756860526229 0.2428614165131674 0.6987430457530639 0.1012534754549703 0.3549047157367141 0.0 0.0 
0.751756860526229 0.6904883877585144 0.6987430457530639 0.799904566706223 0.3549047157367141 0.8928946980897694 0.0 0.0 
0.6904883877585144 0.7907424442778989 0.799904566706223 0.6082175533012599 0.8928946980897694 0.3729716492305009 0.0 0.0 
0.7907424442778989 0.6122346750526576 0.6082175533012599 0.905498052398458 0.3729716492305009 0.9120688125930464 0.0 0.0 
0.6122346750526576 0.8783924975485501 0.905498052398458 0.325171052104018 0.9120688125930464 0.3127772453838115 0.0 0.0 
0.8783924975485501 0.395230735856191 0.325171052104018 0.8338523881148191 0.3127772453838115 0.8382957966003131 0.0 0.0 
0.395230735856191 0.8843865847758298 0.8338523881148191 0.5264618152101224 0.8382957966003131 0.5286682206099825 0.0 0.0 
0.8843865847758298 0.3783137277441832 0.5264618152101224 0.9473391348759843 0.5286682206099825 0.9717947191955237 0.0 0.0 
0.3783137277441832 0.8702120692345879 0.9473391348759843 0.1895732539519425 0.9717947191955237 0.1068979974629459 0.0 0.0 
0.8702120692345879 0.4178891880342653 0.1895732539519425 0.5838138942844563 0.1068979974629459 0.372336180845296 0.0 0.0 
0.4178891880342653 0.9000539138658127 0.5838138942844563 0.923305878274521 0.372336180845296 0.9114376021874566 0.0 0.0 
0.9000539138658127 0.3328404042023863 0.923305878274521 0.2690861069892982 0.9114376021874566 0.3148044880743212 0.0 0.0 
0.3328404042023863 0.8216133772712801 0.2690861069892982 0.7473793412556402 0.3148044880743212 0.8412402272140844 0.0 0.0 
0.8216133772712801 0.5422898915725965 0.7473793412556402 0.717453153775717 0.8412402272140844 0.5208649185904322 0.0 0.0 
0.5422898915725965 0.9183827907618787 0.717453153775717 0.7703136784693787 0.5208649185904322 0.973302155171637 0.0 0.0 
0.9183827907618787 0.2773366094589176 0.7703136784693787 0.6723359578829428 0.973302155171637 0.1013417726485463 0.0 0.0 
0.2773366094589176 0.7415577536971729 0.6723359578829428 0.8371412069581605 0.1013417726485463 0.3551793092834869 0.0 0.0 
0.7415577536971729 0.709104451026471 0.8371412069581605 0.5180760649690201 0.3551793092834869 0.8932051734075289 0.0 0.0 
0.709104451026471 0.7632187156753973 0.5180760649690201 0.9487583723258959 0.8932051734075289 0.3720197972616649 0.0 0.0 
0.7632187156753973 0.668648858557319 0.9487583723258959 0.1847405084161679 0.3720197972616649 0.9111221640575131 0.0 0.0 
0.668648858557319 0.8197629812770596 0.1847405084161679 0.572323521271954 0.9111221640575131 0.3158164082606024 0.0 0.0 
0.8197629812770596 0.5466810524777853 0.572323521271954 0.9301233714291359 0.3158164082606024 0.8426979776825021 0.0 0.0 
0.5466810524777853 0.9169372535563953 0.9301233714291359 0.2469767643316476 0.8426979776825021 0.5169765747600608 0.0 0.0 
0.9169372535563953 0.2818043084083454 0.2469767643316476 0.706721120405286 0.5169765747600608 0.9738760040467227 0.0 0.0 
0.2818043084083454 0.7488453686321064 0.706721120405286 0.7876122378378563 0.9738760040467227 0.09922197787597076 0.0 0.0 
0.7488453686321064 0.6958811352882991 0.7876122378378563 0.6356609624544214 0.09922197787597076 0.3485702102311694 0.0 0.0 
0.6958811352882991 0.7830331491012182 0.6356609624544214 0.8800651924105721 0.3485702102311694 0.8855691732052143 0.0 0.0 
0.7830331491012182 0.6286012750864359 0.8800651924105721 0.4010917081680762 0.8855691732052143 0.395212009428005 0.0 0.0 
0.6286012750864359 0.8638083345707286 0.4010917081680762 0.9128251692661857 0.395212009428005 0.9321759604243457 0.0 0.0 
0.8638083345707286 0.4352809340784294 0.9128251692661857 0.3023864425573113 0.9321759604243457 0.2465733630020481 0.0 0.0 
0.4352809340784294 0.9095023372730858 0.3023864425573113 0.8016057512764116 0.2465733630020481 0.7245222646736424 0.0 0.0 
0.9095023372730858 0.3045389923411555 0.8016057512764116 0.604329089028567 0.7245222646736424 0.7784000353966936 0.0 0.0 
0.3045389923411555 0.7836414795944598 0.604329089028567 0.9086386764933835 0.7784000353966936 0.6727243391353671 0.0 0.0 
0.7836414795944598 0.6273257908978228 0.9086386764933835 0.3154548418801963 0.6727243391353671 0.8586485804139777 0.0 0.0 
0.6273257908978228 0.8650161289973025 0.3154548418801963 0.8205837215352392 0.8586485804139777 0.4733476634914503 0.0 0.0 
0.8650161289973025 0.4320239346157511 0.8205837215352392 0.5594590944491417 0.4733476634914503 0.9722296465386766 0.0 0.0 
0.4320239346157511 0.9079032417790425 0.5594590944491417 0.9365655411316945 0.9722296465386766 0.1052967276268306 0.0 0.0 
0.9079032417790425 0.3093752977807477 0.9365655411316945 0.2257600075262847 0.1052967276268306 0.3674163744338553 0.0 0.0 
0.3093752977807477 0.7905502247441392 0.2257600075262847 0.664211220806463 0.3674163744338553 0.9064441707037718 0.0 0.0 
0.7905502247441392 0.6126480975341818 0.664211220806463 0.8475317648527539 0.9064441707037718 0.3307322307936005 0.0 0.0 
0.6126480975341818 0.8780485026511391 0.8475317648527539 0.4910423551896546 0.3307322307936005 0.8632588470007674 0.0 0.0 
0.8780485026511391 0.3961935196799573 0.4910423551896546 0.9496950902779164 0.8632588470007674 0.460367739295125 0.0 0.0 
0.3961935196799573 0.8851295941811889 0.9496950902779164 0.181542437963759 0.460367739295125 0.9688742072545412 0.0 0.0 
0.8851295941811889 0.3761982240375813 0.181542437963759 0.5646221684913482 0.9688742072545412 0.1176122133085596 0.0 0.0 
0.3761982240375813 0.868290544993639 0.5646221684913482 0.9341311062900081 0.1176122133085596 0.4047403642979638 0.0 0.0 
0.868290544993639 0.423139675532667 0.9341311062900081 0.2338146936953721 0.4047403642979638 0.9396098470430698 0.0 0.0 
0.423139675532667 0.9031422149342723 0.2338146936953721 0.6807524542885435 0.9396098470430698 0.2212984112927981 0.0 0.0 
0.9031422149342723 0.3236625117901894 0.6807524542885435 0.8258484910209384 0.2212984112927981 0.6720691553631186 0.0 0.0 
0.3236625117901894 0.8099488339318632 0.8258484910209384 0.5465264914176342 0.6720691553631186 0.8595296025132295 0.0 0.0 
