Estación:       LA MALINCHE II,  PUE
Operada por:    SMN EMAS
Longitud:       98°01'56"  Longitud: 19°08'27"  Altitud: 2748

DD/MM/AAAA HH:MM      DIRS      DIRR      VELS      VELR      TEMP        HR        PB      PREC   RADSOL    TEMPCOMB     HUMCOMB     HUMSUBS    TEMPSUBS
25/01/2018 22:00          57          94        5.43       24.10        13.6          57       736.4         0.0       130.7        16.7          43           6         9.2
25/01/2018 23:00          52         274        5.75       34.20        12.2          63       736.6         0.0       106.0        13.9          46           6         9.3
26/01/2018 00:00          42          81        5.98       27.70        10.1          72       736.9         0.0         8.3         9.9          48           6         9.6
26/01/2018 01:00          44          81        5.77       21.60         9.0          75       737.2         0.0         0.0         8.0          54           6         9.7
26/01/2018 02:00          29          82        2.49       20.50         8.4          78       738.1         0.0         0.0         7.6          60           6         9.7
26/01/2018 03:00          28          90        1.91       15.10         7.6          81       738.6         0.0         0.0         5.9          62           6         9.7
26/01/2018 04:00         355         331        1.76       10.80         6.4          86       738.8         0.0         0.0         4.9          67           6         9.7
26/01/2018 05:00          24         315        2.55       10.10         5.7          86       738.7         0.0         0.0         3.9          70           6         9.7
26/01/2018 06:00           9         235        2.97        9.40         4.0          90       738.1         0.0         0.0         2.2          73           6         9.6
26/01/2018 07:00           9         331        2.68       11.90         3.2          92       737.8         0.0         0.0         1.7          77           6         9.5
26/01/2018 08:00          27          11        2.61        8.60         3.0          93       737.6         0.0         0.0         1.2          79           6         9.4
26/01/2018 09:00          21         318        2.35       23.40         1.6          95       737.2         0.0         0.0         0.1          82           6         9.2
26/01/2018 10:00          16         235        3.03        9.40         1.2          98       737.0         0.0         0.0        -0.3          84           6         9.1
26/01/2018 11:00          25         236        3.30        9.70         0.9          99       736.9         0.0         0.0        -0.5          86           6         8.9
26/01/2018 12:00          22         232        3.40        8.60         0.8         100       737.2         0.0         0.0        -0.6          87           6         8.8
26/01/2018 13:00          17          15        2.57        6.10         0.9         100       737.4         0.0         4.3        -0.2          89           6         8.6
26/01/2018 14:00         135          49        0.73        8.60         2.8         100       737.9         0.0        21.3         2.0          92           6         8.4
26/01/2018 15:00         179         172        4.91       17.30         7.8          90       738.7         0.0        33.5         6.6          93           6         8.3
26/01/2018 16:00         142         209        3.85       20.20        11.4          60       739.0         0.0        93.8        11.6          89           6         8.2
26/01/2018 17:00         135         257        4.91       36.00        13.5          53       738.7         0.0       110.7        14.0          80           6         8.2
26/01/2018 18:00         160         224        4.17       32.40        14.9          51       738.1         0.0       178.8        16.3          73           6         8.2
26/01/2018 19:00         155         181        5.54       25.60        15.9          47       737.3         0.0       364.8        20.7          64           6         8.2
26/01/2018 20:00         145         171        5.43       26.60        16.6          43       736.4         0.0       451.7        22.7          56           6         8.4
26/01/2018 21:00         158         223        6.53       23.80        17.0          44       736.0         0.0       385.3        22.7          44           6         8.5
26/01/2018 22:00         139         168        3.69       29.20        15.5          48       735.7         0.0       117.3        17.6          40           6         8.7
26/01/2018 23:00         114          60        1.68       12.60        14.2          57       735.7         0.0        64.3        14.9          42           6         9.0
27/01/2018 00:00          74          66        1.26       12.20        11.8          72       736.1         0.0         4.5        11.0          44           6         9.1
27/01/2018 01:00          55          45        2.14       13.30         9.0          86       736.4         0.0         0.0         7.4          50           6         9.3
27/01/2018 02:00          48          59        1.98        9.40         7.6          90       737.0         0.0         0.0         5.9          57           6         9.5
27/01/2018 03:00          23           8        2.80       11.20         6.1          93       737.2         0.0         0.0         4.5          63           6         9.5
27/01/2018 04:00           9         234        2.90       10.10         4.9          95       737.2         0.0         0.0         3.5          69           6         9.5
27/01/2018 05:00          13          37        2.41        8.60         6.1          95       737.0         0.0         0.0         5.6          76           6         9.4
27/01/2018 06:00          31         227        1.82        9.00         7.4          89       736.7         0.0         0.0         6.5          78           6         9.3
27/01/2018 07:00          17          13        1.60        9.70         7.1          89       736.8         0.0         0.0         6.3          81           6         9.2
27/01/2018 08:00          14          13        1.79        5.00         7.0          90       736.2         0.0         0.0         6.5          83           6         9.2
27/01/2018 09:00          19         228        1.67        9.70         6.7          90       735.8         0.0         0.0         5.4          82           6         9.1
27/01/2018 10:00          18         232        3.02        8.60         4.5          94       735.4         0.0         0.0         2.7          84           6         9.1
27/01/2018 11:00          13           7        2.80        9.00         3.2          97       735.4         0.0         0.0         1.8          87           6         9.0
27/01/2018 12:00          23         232        2.84       10.10         3.1          98       735.5         0.0         0.0         1.7          88           6         8.9
27/01/2018 13:00          21          21        2.93        9.70         2.6          98       735.9         0.0         6.2         1.3          90           6         8.8
27/01/2018 14:00         194         177        0.89       10.80         4.5         100       736.2         0.0        33.5         3.9          93           6         8.7
27/01/2018 15:00         186         169        4.45       11.50         9.7          80       736.7         0.0        42.7         8.8          92           6         8.5
27/01/2018 16:00         184          51        6.32       22.30        12.4          66       736.9         0.0        88.0        12.8          85           6         8.5
27/01/2018 17:00         155         189        5.58       21.60        15.0          54       736.5         0.0       162.3        16.1          79           6         8.5
27/01/2018 18:00         175         212        5.55       24.10        17.7          45       735.9         0.0       233.2        19.8          68           6         8.5
27/01/2018 19:00         189         237        6.31       22.70        17.9          43       735.2         0.0       503.3        24.6          59           6         8.6
27/01/2018 20:00         117         184        2.19       20.20        16.7          45       734.4         0.0       113.7        19.3          48           6         8.8
27/01/2018 21:00         140         125        3.06       18.40        15.7          50       733.9         0.0        77.7        16.3          44           6         9.0
27/01/2018 22:00          19          95        3.52       13.00        11.1          89       734.0         0.0        12.7        10.6          83           6         9.2
27/01/2018 23:00          12         132        3.19       42.10         8.2          97       734.5         0.2         1.2         7.3          93           6         9.3
28/01/2018 00:00          22          90        8.21       28.80         5.7         100       735.2         0.6         0.2         5.1          98           6         9.5
28/01/2018 01:00          35         120        5.63       33.80         6.0         100       736.0         0.2         0.0         5.6          98           6         9.4
28/01/2018 02:00          33          92        4.71       19.40         6.3          97       736.4         0.2         0.0         5.7          98           6         9.2
28/01/2018 03:00          21          99        3.34       13.70         6.3          96       736.5         0.0         0.0         5.3          98           6         9.1
28/01/2018 04:00           6          19        2.91        9.70         5.8         100       736.3         0.2         0.0         4.8          98           6         8.9
28/01/2018 05:00          18         242        3.51       11.20         5.1         100       736.1         0.0         0.0         3.8          98           6         8.7
28/01/2018 06:00          16          18        3.46        9.00         4.0         100       735.9         0.2         0.0         2.9          98           6         8.5
28/01/2018 07:00          39          35        3.60       10.10         3.6         100       735.8         0.0         0.0         2.8          98           6         8.4
28/01/2018 08:00           8          93        3.43       12.60         4.2         100       735.6         0.2         0.0         2.8          98           6         8.3
28/01/2018 09:00          32         235        4.13       11.90         4.5         100       735.3         0.0         0.0         2.8          98           6         8.2
28/01/2018 10:00          19         236        2.97       10.10         4.1          98       735.1         0.2         0.0         2.4          98           6         8.1
28/01/2018 11:00          12         312        3.31       15.80         4.0          99       735.2         0.0         0.0         2.3          98           6         8.0
28/01/2018 12:00          24          45        3.77       13.70         4.8          96       735.6         0.0         0.0         2.8          98           6         7.9
28/01/2018 13:00          10          79        3.15       13.30         5.0          93       735.9         0.0         5.2         3.0          98           6         7.7
28/01/2018 14:00          16         112        3.88       15.10         6.9          86       736.3         0.2        31.5         4.9          99           6         7.7
28/01/2018 15:00          41          94        6.04       29.20         9.6          72       736.8         0.0        53.8         7.1          99           6         7.6
28/01/2018 16:00          16          90        5.43       28.80        11.4          64       737.2         0.0       104.5         9.7          99           6         7.5
28/01/2018 17:00          47         215        3.15       20.50        13.5          59       737.2         0.2       233.7        13.0          96           6         7.5
28/01/2018 18:00          65          77        5.77       29.20        14.8          55       736.6         0.0       181.3        14.3          95           6         7.5
28/01/2018 19:00          64         103        6.51       36.70        17.5          48       735.8         0.2       739.7        27.1          94           6         7.6
28/01/2018 20:00          68          90        5.99       33.50        18.4          44       735.1         0.0       789.8        31.6          79           6         7.7
28/01/2018 21:00          57          74        7.25       29.90        16.4          52       735.1         0.2       414.2        24.2          71           6         7.9
28/01/2018 22:00          42          71        5.96       29.50        14.5          58       735.1         0.2       295.0        21.2          58           6         8.1
28/01/2018 23:00          41          69        5.87       28.10        12.3          66       735.2         0.4        63.8        13.7          56           6         8.3
29/01/2018 00:00          40          66        5.51       24.50        10.3          75       735.3         0.8         4.0         9.9          60           6         8.6
29/01/2018 01:00          20         325        3.03       24.50         9.9          71       736.0         0.4         0.0         8.8          66           6         8.8
29/01/2018 02:00          36          80        3.93       24.80         9.2          76       736.3         0.4         0.0         8.1          69           6         9.0
29/01/2018 03:00         326         320        0.74       13.70         9.0          76       736.9         0.2         0.0         7.9          72           6         9.0
29/01/2018 04:00           7         268        3.21       15.10         8.5          84       737.3         0.2         0.0         7.5          74           6         9.1
29/01/2018 05:00         336         300        3.54       22.30         8.5          78       736.9         0.2         0.0         7.4          77           6         9.1
29/01/2018 06:00         247         258        1.52       14.40         8.2          82       737.1         0.2         0.0         7.1          77           6         9.1
29/01/2018 07:00          20         292        4.93       19.40         7.7          82       736.6         0.2         0.0         6.4          80           6         9.0
29/01/2018 08:00          24          55        5.50       29.90         8.4          74       736.3         0.0         0.0         7.0          80           6         9.0
29/01/2018 09:00          35          80        5.70       33.50         8.2          74       735.9         0.2         0.0         6.7          80           6         9.0
29/01/2018 10:00          34          35        6.93       28.10         8.3          72       735.6         0.0         0.0         6.5          80           6         8.9
29/01/2018 11:00          39         101        7.41       42.80         7.8          77       735.5         0.2         0.0         6.2          81           6         8.9
29/01/2018 12:00          40          95        6.61       35.30         7.3          80       735.9         0.0         0.0         5.8          83           6         8.9
29/01/2018 13:00          35          77        8.03       36.40         8.0          72       736.1         0.0        11.0         6.6          83           6         8.8
29/01/2018 14:00          30          95        7.97       38.20         8.7          69       736.7         0.2        68.0         8.5          81           6         8.6
29/01/2018 15:00          14          87        7.08       34.60         9.6          65       737.9         0.0       139.0        11.0          76           6         8.6
29/01/2018 16:00          25          93        6.65       30.60        11.0          61       738.6         0.2       208.2        14.0          72           6         8.6
29/01/2018 17:00          40          75        8.72       37.80        11.7          56       738.1         0.0       246.5        15.3          65           6         8.6
29/01/2018 18:00          42          76        6.62       36.70        13.7          52       737.6         0.0       193.3        16.2          62           6         8.6
29/01/2018 19:00          38          90        6.97       37.40        13.7          51       737.0         0.0       562.2        23.7          58           6         8.7
29/01/2018 20:00          26         291        4.74       37.40        12.6          54       736.6         0.2       546.0        22.5          46           6         8.8
29/01/2018 21:00          39          82        8.90       37.10        12.3          51       736.2         0.0       548.8        22.9          42           6         8.9
29/01/2018 22:00          38          84        7.77       47.50        11.0          55       736.3         0.0       299.8        18.5          36           7         9.1
29/01/2018 23:00          42         124        8.25       33.50         8.4          63       736.6         0.0        64.3         9.7          38           7         9.2
30/01/2018 00:00          38         101        9.02       32.40         6.4          69       736.9         0.2         7.3         6.2          43           7         9.3
30/01/2018 01:00          37          88        8.85       32.80         5.1          73       737.4         0.0         0.0         4.4          48           7         9.5
30/01/2018 02:00          33          86        9.54       34.20         5.2          70       737.8         0.0         0.0         4.4          54           6         9.5
30/01/2018 03:00          37         107       10.03       39.20         5.9          64       738.1         0.0         0.0         4.9          58           6         9.5
30/01/2018 04:00          26          35        7.63       30.20         6.4          61       738.2         0.0         0.0         5.4          59           6         9.3
30/01/2018 05:00          34         100        8.45       41.40         6.5          59       738.0         0.0         0.0         5.5          61           6         9.2
30/01/2018 06:00          34         104        8.64       33.10         6.9          47       737.5         0.0         0.0         5.7          61           6         9.1
30/01/2018 07:00          31          90        9.15       40.70         7.4          36       737.0         0.0         0.0         6.2          59           6         9.1
30/01/2018 08:00          34          93        8.41       31.00         7.6          31       736.3         0.0         0.0         6.2          54           6         9.0
30/01/2018 09:00          33          66        8.70       41.40         7.4          23       735.6         0.0         0.0         5.9          51           7         8.9
30/01/2018 10:00          38          71        9.57       55.40         7.6          14       735.3         0.0         0.0         6.2          47           7         8.8
30/01/2018 11:00          41          52        8.35       34.60         7.1          14       735.5         0.2         0.0         5.4          43           7         8.7
30/01/2018 12:00          36         100        7.34       28.80         6.9          14       735.8         0.0         0.0         5.2          41           7         8.5
30/01/2018 13:00          32          51        5.75       35.60         6.5          15       736.4         0.0         7.7         4.6          38           6         8.5
30/01/2018 14:00          48         107        6.35       32.80         7.3          18       736.8         0.0        46.2         6.2          38           6         8.4
30/01/2018 15:00          20         121        3.62       23.40         8.4          22       737.7         0.0        37.0         7.4          37           7         8.3
30/01/2018 16:00         191         181        6.69       19.40         9.3          30       738.1         0.0       126.0        10.0          38           7         8.2
30/01/2018 17:00         227         240        6.85       19.40        10.0          30       737.9         0.0       271.5        12.9          39           7         8.2
30/01/2018 18:00         168          88        0.42       16.20        11.2          29       737.5         0.0       243.7        14.5          37           7         8.1
30/01/2018 19:00         219         244        6.09       24.50        11.1          28       736.9         0.0       289.2        14.6          36           7         8.1
30/01/2018 20:00         237         132        4.68       18.40        10.6          28       736.4         0.0       178.8        13.0          33           7         8.2
30/01/2018 21:00         232         231        4.31       15.10        10.7          31       736.0         0.0       202.7        13.3          33           7         8.2
30/01/2018 22:00          78         251        0.65       14.00        10.7          37       735.7         0.0       122.8        12.5          32           7         8.3
30/01/2018 23:00          57          87        2.55       12.20         8.8          56       735.8         0.0        77.3         9.9          33           7         8.4
31/01/2018 00:00          62          87        3.89       13.30         6.4          64       735.9         0.0         2.8         5.8          36           7         8.4
31/01/2018 01:00          38          93        3.31        9.70         4.8          70       736.4         0.0         0.0         4.2          41           7         8.5
31/01/2018 02:00          19          35        2.91        7.20         4.1          75       736.9         0.0         0.0         3.0          46           7         8.5
31/01/2018 03:00          20         352        2.27       10.10         3.6          76       737.2         0.0         0.0         2.9          51           7         8.5
31/01/2018 04:00           8           0        2.18        9.70         3.6          76       737.3         0.2         0.0         2.8          56           6         8.4
31/01/2018 05:00          21         233        2.75        9.70         3.6          78       737.1         0.0         0.0         2.6          60           6         8.4
31/01/2018 06:00          13         233        2.48       10.80         3.8          83       736.8         0.0         0.0         2.5          64           7         8.3
31/01/2018 07:00          27          13        3.25       10.40         3.9          87       736.5         0.0         0.0         2.2          68           7         8.2
31/01/2018 08:00          24         173        3.35       11.50         3.8          89       736.2         0.0         0.0         2.0          72           7         8.2
31/01/2018 09:00          36          75        2.54       16.20         4.4          88       735.7         0.0         0.0         2.3          75           7         8.1
31/01/2018 10:00          35         235        3.05       11.90         4.1          89       735.7         0.0         0.0         2.1          78           7         8.0
31/01/2018 11:00          41          54        3.01       21.20         4.7          89       735.7         0.0         0.0         2.5          81           7         7.9
31/01/2018 12:00          39          68        3.10       15.10         5.0          89       735.9         0.0         0.0         2.9          84           7         7.8
31/01/2018 13:00          34          61        2.98       13.30         5.1          90       736.4         0.0         3.8         3.1          85           7         7.7
31/01/2018 14:00          61          63        3.00       20.90         5.9          90       736.9         0.0        21.7         4.3          89           7         7.6
31/01/2018 15:00          98         238        2.58       13.00         8.9          72       737.6         0.0        43.3         7.5          88           7         7.6
31/01/2018 16:00         150         182        2.63       13.70        11.2          61       737.9         0.0       104.8        11.4          83           7         7.5
31/01/2018 17:00         144         184        2.95       13.70        12.6          55       737.7         0.0       183.3        14.0          76           7         7.5
31/01/2018 18:00         189         134        7.45       27.00        15.3          47       737.1         0.0       117.0        15.9          70           7         7.5
31/01/2018 19:00         224         111        8.17       34.90        16.1          45       736.5         0.0       533.8        23.7          60           7         7.6
31/01/2018 20:00         200         195        7.74       27.00        16.7          44       735.5         0.0       604.5        24.2          53           7         7.7
31/01/2018 21:00         205         194        8.74       26.60        17.1          40       735.0         0.0       461.5        23.0          43           7         7.9
31/01/2018 22:00         211         224        8.83       29.90        16.0          42       735.1         0.0       225.7        18.9          37           7         8.1
31/01/2018 23:00         218         238        6.88       18.70        13.8          48       735.5         0.0        82.0        14.3          37           7         8.3
01/02/2018 00:00         307         133        1.08       18.00        11.4          62       735.9         0.0         7.2        10.2          39           7         8.6
01/02/2018 01:00           8          14        2.71        5.80         7.7          77       736.3         0.0         0.0         6.0          44           7         8.8
01/02/2018 02:00          13         345        3.10        7.90         5.8          79       737.1         0.0         0.0         4.3          51           7         8.9
01/02/2018 03:00          13          14        2.98        7.60         5.0          76       737.4         0.0         0.0         3.5          56           7         9.0
01/02/2018 04:00          11         350        3.01        9.70         4.6          78       737.4         0.0         0.0         3.1          62           7         9.0
01/02/2018 05:00           5          22        3.08        9.40         4.6          80       737.5         0.0         0.0         3.0          66           7         8.9
01/02/2018 06:00          10         235        3.11       10.40         4.4          82       737.7         0.2         0.0         2.8          70           7         8.9
01/02/2018 07:00          22         353        2.97       10.10         4.3          88       737.4         0.0         0.0         2.9          74           7         8.8
01/02/2018 08:00          14          17        2.78        5.00         4.5          87       737.2         0.0         0.0         3.1          77           7         8.6
01/02/2018 09:00          11         340        2.73        6.50         4.6          86       736.9         0.0         0.0         3.2          80           7         8.5
01/02/2018 10:00          22         234        3.03       10.10         4.3          89       736.7         0.0         0.0         2.8          82           7         8.4
01/02/2018 11:00          22          30        3.01       10.10         3.8          92       736.8         0.0         0.0         2.1          84           7         8.3
01/02/2018 12:00          22         229        2.98       10.40         3.4          92       737.1         0.0         0.0         1.7          86           7         8.2
01/02/2018 13:00          26         230        3.42        8.30         3.4          90       737.4         0.0        10.7         2.0          88           7         8.2
01/02/2018 14:00          22          29        1.57        9.40         4.9          88       737.9         0.0        38.8         3.8          90           7         8.1
01/02/2018 15:00         203         182        4.23       13.70         9.7          65       738.5         0.0        84.3         8.9          90           7         8.0
01/02/2018 16:00         211         119        6.44       18.70        13.9          40       738.9         0.0       204.2        14.8          80           7         7.8
01/02/2018 17:00         185         175        7.16       19.80        16.0          36       738.6         0.0        98.0        16.2          68           7         7.8
01/02/2018 18:00         191         133        8.08       21.20        18.1          30       738.1         0.0        86.3        18.0          63           7         7.9
01/02/2018 19:00         173         247        6.70       49.30        20.3          27       737.3         0.0       730.8        29.7          52           7         8.0
01/02/2018 20:00         189          98        6.98       33.10        21.2          25       736.9         0.0       880.0        32.3          46           7         8.1
01/02/2018 21:00         168         238        7.60       19.10        21.3          25                     0.0
